local Players = game:GetService("Players")
local GuiService = game:GetService("GuiService")
local VirtualInputManager = game:GetService("VirtualInputManager")
local ReplicatedStorage = game:GetService("ReplicatedStorage")

local LocalPlayer = Players.LocalPlayer
local Char = LocalPlayer.Character or LocalPlayer.CharacterAdded:Wait()
local HR = Char:WaitForChild("HumanoidRootPart")
local StandHR = HR.CFrame

-- Initialize global variables
_G.AutoCast = false
_G.AutoShake = false
_G.AutoReel = false

-- Equip item function
equipitem = function(v)
    if LocalPlayer.Backpack:FindFirstChild(v) then
        local Eq = LocalPlayer.Backpack:FindFirstChild(v)
        LocalPlayer.Character.Humanoid:EquipTool(Eq)
    end
end

local Fluent = loadstring(game:HttpGet("https://github.com/dawid-scripts/Fluent/releases/latest/download/main.lua"))()
if not Fluent then
    warn("Unable to load Fluent library")
    return
end

local SaveManager = loadstring(game:HttpGet("https://raw.githubusercontent.com/dawid-scripts/Fluent/master/Addons/SaveManager.lua"))()
local InterfaceManager = loadstring(game:HttpGet("https://raw.githubusercontent.com/dawid-scripts/Fluent/master/Addons/InterfaceManager.lua"))()
local Window = Fluent:CreateWindow({
    Title = "Razer Hub" .. Fluent.Version,
    SubTitle = "by 001x",
    TabWidth = 100,
    Size = UDim2.fromOffset(555, 355),
    Acrylic = true,
    Theme = "Dark",
    MinimizeKey = Enum.KeyCode.LeftControl
})

local Tabs = {
    Main = Window:AddTab({ Title = "Main", Icon = "Main" }),
    Teleport = Window:AddTab({ Title = "Teleport", Icon = "Teleport" }),
    Settings = Window:AddTab({ Title = "Settings", Icon = "settings" })
}

Fluent:Notify({
    Title = "Razer Hub",
    Content = "ยินดีต้อนรับ",
    SubContent = "สร้างโดย 001x",
    Duration = 100
})

Fluent:Notify({
    Title = "https://discord.gg/vxYkRPXyCU",
    Content = "เข้าดิสด้วยน้า",
    Duration = 50
})

Tabs.Main:AddParagraph({
    Title = "ถ้าจะAFKแนะนำเปิด",
    Content = "   1.Auto Cast 2.Auto Shake 3.Auto Reel"
})
local AutoCastToggle = Tabs.Main:AddToggle("AutoCast", { Title = "AutoCast(โยก)", Default = false })
AutoCastToggle:OnChanged(function(state)
    _G.AutoCast = state
    spawn(function()
        while _G.AutoCast do
            wait(0.1)
            pcall(function()
                local Rod = LocalPlayer.Character:FindFirstChildOfClass("Tool")
                if Rod and Rod:FindFirstChild("events") then
                    Rod.events.cast:FireServer(100, 1)
                end
            end)
        end
    end)
end)

local AutoShakeToggle = Tabs.Main:AddToggle("AutoShake", { Title = "AutoShake(เขย่า)", Default = false })
AutoShakeToggle:OnChanged(function(state)
    _G.AutoShake = state
    spawn(function()
        while _G.AutoShake do
            wait(0.01)
            pcall(function()
                local GUI = LocalPlayer:WaitForChild("PlayerGui")
                local shakeui = GUI:FindFirstChild("shakeui")
                if shakeui and shakeui.Enabled then
                    local safezone = shakeui:FindFirstChild("safezone")
                    if safezone then
                        local button = safezone:FindFirstChild("button")
                        if button and button:IsA("ImageButton") and button.Visible then
                            GuiService.SelectedCoreObject = button
                            VirtualInputManager:SendKeyEvent(true, Enum.KeyCode.Return, false, game)
                            VirtualInputManager:SendKeyEvent(false, Enum.KeyCode.Return, false, game)
                        end
                    end
                end
            end)
        end
    end)
end)

local AutoReelToggle = Tabs.Main:AddToggle("AutoReel", { Title = "AutoReel(ดึง)", Default = false })
AutoReelToggle:OnChanged(function(state)
    _G.AutoReel = state
    if _G.AutoReel then
        spawn(function()
            while _G.AutoReel do
                wait(0.01)  -- Short wait time to keep the loop responsive
                pcall(function()
                    -- Loop through the PlayerGui to check for the "reel" ScreenGui
                    for _, gui in pairs(LocalPlayer.PlayerGui:GetChildren()) do
                        if gui:IsA("ScreenGui") and gui.Name == "reel" then
                            local bar = gui:FindFirstChild("bar")
                            if bar then
                                -- Fire the reelfinished event on the server
                                ReplicatedStorage.Link.events.reelfinished:FireServer(100, false)
                            end
                        end
                    end
                end)
            end
        end)
    end
end)


local TeleportDropdown = Tabs.Teleport:AddDropdown("Dropdown", {
    Title = "Teleport Island",
    Values = {"moosewood", "mushgrove", "Snowcap", "Terrapin", "Roslit", "Sunstone", "Statue", "Desolate", "Desolate Shop", "Brine Pool", "Forsaken", "Ancient", "Mirror", "Depths", "Vertigo", "The Arch", "Birch", "Lava Pool", "DeepOcean", "Gamma", "Lantern", "northexp", "winter", "leverpuzzle", "thedepthsobby", "icepuzzle", "altar", "ancientarehivesentra", "northglider", "finelpzzle"},
    Multi = false,
    Default = 1,
    Callback = function(selectedIsland)
        _G.SelectIsland = selectedIsland  -- Store selected island
    end
})

Tabs.Teleport:AddButton({
    Title = "Select Island",
    Description = "วาร์ปไปยังเกาะ [ Select Island ]",
    Callback = function()
        local teleportPositions = {
            moosewood = CFrame.new(409.2667, 152.4324, 251.9602), --ใช้ได้
            mushgrove = CFrame.new(2406.70825, 138.54837, -750.51001, 0.552255571, 1.88859346e-08, 0.833674848, 2.8295954e-08, 1, -4.13980743e-08, -0.833674848, 4.64519445e-08, 0.552255571),
            Snowcap = CFrame.new(2599.12769, 135.283859, 2414.37671, 0.802532911, -8.18404118e-08, 0.596607864, 5.14819192e-08, 1, 6.7924816e-08, -0.596607864, -2.37973818e-08, 0.802532911),
            Terrapin = CFrame.new(-188.042267, 143.574158, 1921.93018, 1, -1.26847652e-08, 1.47976554e-14, 1.26847652e-08, 1, -6.80280294e-08, -1.39347355e-14, 6.80280294e-08, 1),
            Roslit = CFrame.new(-1446.406, 134.9541, 702.1841), --ใช้ได้
            Sunstone = CFrame.new(-931.006104, 131.098419, -1113.0459, -0.995250821, -1.10196893e-07, 0.0973437801, -1.08468534e-07, 1, 2.30471073e-08, -0.0973437801, 1.23789148e-08, -0.995250821),
            ["Statue"] = CFrame.new(35.43993, 144.493347, -1023.21643, 1, 3.25180274e-08, 7.12731794e-13, -3.25180274e-08, 1, 3.77578822e-08, -7.11503989e-13, -3.77578822e-08, 1),
            Desolate = CFrame.new(-1657.3175, -214.182587, -2844.28882, 1, -1.77927966e-08, -2.00143298e-14, 1.77927966e-08, 1, 7.70572655e-08, 1.86432663e-14, -7.70572655e-08, 1),
            ["Desolate Shop"] = CFrame.new(-975.452271, -244.911102, -2700.35352, 1, -2.04956923e-08, -2.86618229e-14, 2.04956923e-08, 1, 4.78872479e-08, 2.76803405e-14, -4.78872479e-08, 1),
            ["Brine Pool"] = CFrame.new(-1795.94275, -142.694168, -3309.14136, 1, -2.05508837e-08, -1.65238544e-14, 2.05508837e-08, 1, 4.80140869e-08, 1.5537122e-14, -4.80140869e-08, 1),
            Forsaken = CFrame.new(-2513.07617, 137.249985, 1558.89001, 1, 2.12126139e-09, -1.8347928e-14, -2.12126139e-09, 1, -4.95564967e-09, 1.83374163e-14, 4.95564967e-09, 1),
            Ancient = CFrame.new(6067.7998, 195.180161, 298.299988, 1, 1.3498479e-09, -1.96095327e-14, -1.3498479e-09, 1, -3.15319482e-09, 1.96052772e-14, 3.15319482e-09, 1),
            Mirror = CFrame.new(-1629.14648, -206.72789, -2784.29346, 1, 3.71187099e-08, -2.00447433e-14, -3.71187099e-08, 1, -8.66998846e-08, 1.68265551e-14, 8.66998846e-08, 1),
            Depths = CFrame.new(951.447571, -711.662109, 1228.91492, 0.0379682481, 5.89755942e-08, 0.999278963, -3.19703943e-08, 1, -5.78034154e-08, -0.999278963, -2.97526466e-08, 0.0379682481),
            Vertigo = CFrame.new(-128.429016, -515.299377, 1143.78406, 1, 6.42008047e-08, 2.42750884e-14, -6.42008047e-08, 1, 3.24002372e-08, -2.21949669e-14, -3.24002372e-08, 1),
            ["The Arch"] = CFrame.new(986.63739, 131.320236, -1232.63379, 1, -1.7053372e-08, 2.56333905e-14, 1.7053372e-08, 1, -8.60560956e-09, -2.54866352e-14, 8.60560956e-09, 1),
            ["Birch"] = CFrame.new(1749.58582, 142.719849, -2447.00928, 1, -2.12103544e-08, -1.83966696e-14, 2.12103544e-08, 1, 8.37935374e-08, 1.66193793e-14, -8.37935374e-08, 1),
            ["Lava Pool"] = CFrame.new(-1916.48511, 171.353424, 292.950073, 1, 1.31992806e-09, -1.62581643e-15, -1.31992806e-09, 1, -5.2153335e-09, 1.61893248e-15, 5.2153335e-09, 1),
            ["DeepOcean"] = CFrame.new(1447.84985, 133.499985, -7649.646, -0.993914783, -6.79947618e-08, -0.110151678, -6.69607161e-08, 1, -1.30866331e-08, 0.110151678, -5.6311622e-09, -0.993914783),
            ["Gamma"] = CFrame.new(2231.77661, -792.232239, 1010.43512, -0.997153223, 6.75005083e-08, -0.0754022002, 6.62116832e-08, 1, 1.95924645e-08, 0.0754022002, 1.45441819e-08, -0.997153223),
            ["Lantern"] = CFrame.new(-39.3259048, -246.569992, 202.68074, -0.997153461, -6.99495217e-08, -0.0753985867, -6.92824642e-08, 1, -1.14627312e-08, 0.0753985867, -6.20630258e-09, -0.997153461),
			["northexp"] = CFrame.new(19532.1426, 132.67009, 5302.52295, -0.24021855, -8.39395327e-08, -0.970718801, -6.63753355e-08, 1, -7.00459708e-08, 0.970718801, 4.76054467e-08, -0.24021855),
			["winter"] = CFrame.new(20.7549992, 364.885773, -9577.23828, 1, 5.82493769e-08, 4.03722384e-13, -5.82493769e-08, 1, 3.3086998e-08, -4.01795079e-13, -3.3086998e-08, 1),
			["leverpuzzle"] = CFrame.new(19955.6719, 586.85376, 5571.53564, -0.457844615, -6.47826326e-08, -0.889032245, -6.23825755e-08, 1, -4.07421759e-08, 0.889032245, 3.68065329e-08, -0.457844615),
			["thedepthsobby"] = CFrame.new(66.9929199, -704.968567, 1230.84851, 0.132269144, -5.66858382e-09, -0.991213858, 6.3842819e-08, 1, 2.80045676e-09, 0.991213858, -6.36523012e-08, 0.132269144),
			["icepuzzle"] = CFrame.new(19232.7324, 395.872131, 6010.3457, -0.457844615, 9.45085574e-08, -0.889032245, 9.69466711e-08, 1, 5.63782088e-08, 0.889032245, -6.03762587e-08, -0.457844615),
			["altar"] = CFrame.new(1296.3208, -805.292236, -298.940491, 0.0734660551, -1.82757343e-09, -0.997297704, 2.95960074e-08, 1, 3.47667978e-10, 0.997297704, -2.9541571e-08, 0.0734660551),
			["ancientarehivesentra"] = CFrame.new(5948.79053, 154.925903, 482.23584, 0.764405012, -2.2798103e-08, 0.64473635, 1.85266362e-08, 1, 1.33950087e-08, -0.64473635, 1.70558401e-09, 0.764405012),
			["northglider"] = CFrame.new(20240.8633, 756.525818, 5756.46631, -0.457844615, -1.65319296e-08, -0.889032245, -8.67763639e-09, 1, -1.4126508e-08, 0.889032245, 1.24695332e-09, -0.457844615),
			["finelpzzle"] = CFrame.new(19963.9727, 1137.8894, 5401.83545, -0.457844615, -7.74529418e-09, -0.889032245, -6.86526107e-08, 1, 2.66435052e-08, 0.889032245, 7.32329752e-08, -0.457844615),
        }
        local targetPosition = teleportPositions[_G.SelectIsland]
        if targetPosition then
            game.Players.LocalPlayer.Character.HumanoidRootPart.CFrame = targetPosition
        else
            warn("Invalid island selected")
        end
    end
})
Tabs.Teleport:AddButton({
    Title = "Teleport Craft Table",
    Description = "วาร์ปไปยัง [ เกาะคราฟ ]",
    Callback = function()
game.Players.LocalPlayer.Character.HumanoidRootPart.CFrame = CFrame.new(-3160.46826, -745.463989, 1681.72363, 0.974945545, -1.14451104e-09, 0.222443655, -1.64888512e-08, 1, 7.74139508e-08, -0.222443655, -7.91422252e-08, 0.974945545)
    end
})
Tabs.Teleport:AddButton({
    Title = "Teleport Enchant ",
    Description = "วาร์ปไปยัง [ เกาะเอ็กซาก ]",
    Callback = function()
game.Players.LocalPlayer.Character.HumanoidRootPart.CFrame = CFrame.new(1311.22559, -802.427002, -82.3484802, -0.0671963394, -3.69974238e-08, 0.997739792, 1.18875025e-08, 1, 3.78818434e-08, -0.997739792, 1.44061545e-08, -0.0671963394)
    end
})
